directory=example/
rgbScale=0.3,0.59,0.11
fractionOfSaltAndPepper=0.08
gaussianMean=30
gaussianStd=10
numberOfBuckets=16
wLinear=0.11111111111,0.11111111111,0.11111111111	,0.11111111111,0.11111111111,0.11111111111,0.11111111111,0.11111111111,0.11111111111
linearSize=3
wMedian=1,2,1,2,3,2,1,2,1
medianSize=3